100096
100105
100108
100116
100138
100149
100158
100162
100203
100242
100248
100264
100276
100302
100330
100360
100374
100385
100392
100419
100428
100433
100434
100444
100449
100460
100468
100487
100515
100526
100529
100533
100548
100561
100597
100608
100621
100644
100652
100678
100696
100699
100702
100703
100710
100721
100725
100745
100752
100772
100789
100810
100825
100828
100834
100835
100863
100874
100882
100883
100887
100888
100890
100892
100920
100922
100928
100934
100941
100953
100957
100977
101000
101010
101014
101015
101018
101021
101026
101035
101043
101046
101048
101049
101055
101065
101072
101085
101089
101096
101103
101110
101124
101143
101151
101187
101189
101192
101202
101209
101222
101226
101235
101270
101284
101285
101302
101322
101342
101346
101352
101365
101368
101373
101377
101379
101387
101388
101391
101395
101401
101404
101413
101420
101444
101447
101455
101462
101473
101483
101489
101498
101520
101530
101546
101552
101565
101624
101634
101635
101640
101656
101669
101670
101671
101674
101679
101684
101689
101693
101710
101711
101730
101749
101760
101762
101767
101795
101814
101820
101829
101845
101869
101899
101922
101934
101950
101959
101962
101973
101974
101975
101980
102036
102065
102080
102113
102119
102139
102149
102161
102184
102186
102190
102201
102205
102211
102218
102225
102229
102233
102235
102237
102248
102255
102268
102269
102275
102277
102278
102288
102290
102300
102311
102325
102343
102353
102356
102386
102418
102422
102473
102492
102523
102526
102548
102553
102558
102563
102568
102574
102576
102578
102589
102591
102613
102615
102621
102627
102637
102644
102660
102661
102667
102705
102731
102750
102761
102772
102788
102789
102797
102798
102806
102809
102816
102818
102836
102840
102842
102851
102859
102892
102901
102929
102931
102935
102938
102954
102962
102997
103012
103020
103043
103055
103056
103064
103065
103094
103115
103116
103117
103161
103162
103163
103181
103193
103214
103216
103224
103225
103228
103239
103241
103260
103272
103276
103278
103294
103306
103318
103324
103341
103352
103365
103380
103385
103405
103414
103425
103428
103438
103448
103449
103457
103463
103467
103484
103499
103501
103505
103540
103570
103574
103577
103586
103587
103589
103628
103633
103656
103669
103673
103685
103691
103703
103707
103731
103739
103745
103747
103760
103762
103781
103795
103803
103805
103818
103820
103822
103830
103861
103900
103903
103912
103939
103940
103942
103946
103951
103980
103989
104027
104036
104046
104054
104090
104091
104094
104098
104113
104119
104120
104130
104134
104136
104149
104153
104187
104195
104203
104244
104252
104264
104275
104295
104297
104314
104320
104336
104354
104358
104388
104389
104400
104421
104434
104452
104473
104482
104488
104497
104498
104500
104517
104519
104523
104524
104525
104531
104535
104539
104540
104547
104552
104554
104557
104565
104566
104583
104592
104594
104620
104624
104631
104651
104660
104668
104676
104696
104699
104711
104712
104713
104721
104726
104734
104737
104750
104766
104792
104808
104809
104823
104840
104851
104893
104908
104916
104919
104924
104926
104934
104938
104943
104956
105009
105012
105013
105014
105044
105054
105069
105073
105078
105111
105135
105139
105145
105152
105153
105161
105163
105177
105194
105197
105209
105230
105236
105247
105261
105263
105264
105276
105278
105295
105300
105309
105315
105322
105325
105331
105340
105343
105363
105372
105401
105405
105406
105408
105410
105416
105425
105436
105448
105456
105488
105512
105530
105538
105549
105568
105579
105588
105589
105620
105626
105628
105646
105649
105653
105655
105662
105664
105667
105672
105693
105713
105718
105732
105734
105768
105769
105783
105785
105818
105820
105832
105840
105847
105864
105865
105877
105882
105892
105902
105911
105928
105930
105948
105953
105970
105976
105985
106007
106010
106012
106019
106056
106095
106101
106104
106109
106113
106120
106128
106142
106150
106153
106160
106164
106173
106183
106204
106250
106265
106278
106330
106337
106347
106362
106372
106385
106410
106414
106421
106436
106438
106440
106445
106452
106486
106489
106498
106501
106504
106505
106530
106536
106561
106572
106575
106582
106587
106604
106605
106612
106635
106636
106660
106672
106688
106712
106716
106718
106725
106728
106731
106736
106762
106776
106789
106797
106809
106810
106819
106820
106825
106828
106842
106845
106886
106887
106914
106930
106931
106950
106976
106983
106984
107006
107014
107035
107038
107052
107053
107054
107061
107083
107087
107098
107101
107107
107114
107147
107151
107160
107165
107171
107176
107179
107186
107198
107208
107219
107224
107226
107231
107247
107251
107264
107267
107274
107282
107284
107291
107293
107298
107300
107308
107340
107358
107363
107387
107392
107398
107402
107412
107417
107418
107440
107448
107449
107458
107460
107464
107475
107480
107489
107494
107506
107509
107516
107517
107526
107538
107569
107582
107592
107599
107609
107610
107612
107614
107615
107617
107635
107656
107657
107663
107666
107694
107705
107709
107715
107749
107752
107757
107760
107778
107780
107818
107819
107830
107831
107832
107839
107841
107845
107851
107852
107872
107880
107885
107886
107890
107896
107911
107924
107931
107934
107943
107945
107947
107965
107972
107980
107986
107997
108005
108011
108020
108026
108035
108037
108046
108050
108052
108073
108096
108100
108101
108102
108108
108115
108135
108152
108166
108167
108184
108200
108202
108208
108209
108225
108235
108241
108248
108256
108260
108273
108278
108294
108296
108319
108331
108351
108360
108362
108366
108367
108390
108394
108402
108427
108470
108477
108478
108497
108502
108506
108523
108532
108538
108541
108552
108584
108596
108601
108602
108606
108620
108635
108640
108644
108653
108657
108662
108668
108684
108700
108702
108705
108711
108717
108720
108737
108741
108755
108763
108764
108781
108788
108790
108812
108833
108847
108864
108871
108872
108881
108891
108901
108911
108916
108966
108990
108994
109013
109024
109031
109047
109071
109083
109084
109105
109106
109112
109117
109126
109128
109163
109174
109211
109227
109245
109250
109259
109271
109297
109312
109327
109329
109335
109341
109365
109371
109372
109382
109386
109408
109428
109446
109447
109460
109476
109496
109519
109520
109532
109537
109544
109545
109552
109567
109581
109584
109588
109590
109610
109613
109616
109624
109638
109656
109657
109671
109676
109677
109679
109691
109702
109740
109749
109771
109775
109794
109807
109808
109815
109867
109912
109918
109924
109940
109949
109954
109955
109971
109972
109984
109988
110000
110003
110012
110016
110021
110041
110047
110049
110054
110057
110083
110091
110108
110114
110120
110125
110138
110159
110163
110177
110185
110223
110226
110238
110245
110258
110259
110283
110287
110300
110301
110321
110322
110333
110336
110342
110344
110359
110362
110369
110383
110399
110432
110447
110455
110456
110460
110466
110480
110481
110482
110488
110499
110510
110516
110546
110547
110565
110577
110587
110613
110620
110623
110629
110638
110640
110641
110664
110667
110673
110697
110700
110709
110721
110754
110755
110767
110785
110790
110797
110804
110819
110827
110837
110856
110868
110870
110881
110894
110903
110907
110909
110910
110916
110920
110926
110930
110944
110947
110953
110954
110965
110973
110998
111011
111026
111032
111038
111068
111069
111078
111083
111098
111099
111101
111102
111104
111110
111127
111142
111161
111168
111179
111189
111190
111199
111216
111219
111222
111233
111242
111251
111256
111260
111269
111273
111281
111295
111297
111307
111314
111333
111339
111346
111348
111356
111368
111374
111393
111397
111407
111420
111421
111433
111436
111458
111463
111468
111476
111500
111510
111513
111552
111569
111585
111588
111631
111635
111664
111667
111673
111692
111715
111725
111733
111734
111740
111758
111762
111766
111768
111774
111794
111806
111812
111815
111820
111821
111824
111831
111834
111867
111871
111872
111884
111887
111900
111904
111920
111936
111947
111962
111977
111978
111987
111988
111989
111996
111997
112002
112009
112022
112028
112046
112052
112054
112079
112085
112094
112104
112106
112112
112113
112116
112122
112124
112127
112133
112142
112190
112194
112199
112219
112229
112232
112236
112238
112244
112263
112267
112268
112271
112276
112279
112280
112293
112330
112352
112357
112365
112388
112392
112400
112409
112422
112425
112434
112435
112442
112449
112470
112471
112474
112490
112492
112495
112498
112506
112511
112522
112529
112545
112559
112563
112568
112574
112575
112578
112590
112598
112599
112610
112616
112628
112640
112643
112644
112648
112653
112672
112684
112686
112688
112706
112717
112737
112743
112749
112750
112776
112779
112784
112785
112830
112831
112833
112840
112841
112850
112851
112852
112862
112873
112890
112906
112907
112913
112941
112945
112951
112956
112957
112968
112988
112998
113003
113005
113023
113026
113031
113047
113062
113064
113067
113071
113080
113085
113086
113088
113115
113119
113121
113124
113138
113157
113173
113192
113200
113205
113253
113255
113290
113305
113308
113311
113317
113340
113342
113355
113361
113371
113379
113385
113391
113409
113415
113432
113438
113476
113478
113486
113500
113520
113536
113553
113558
113564
113568
113614
113615
113629
113635
113655
113663
113664
113673
113675
113696
113697
113714
113730
113741
113748
113752
113753
113770
113771
113779
113792
113819
113822
113826
113832
113834
113835
113843
113860
113865
113870
113893
113896
113898
113909
113924
113933
113936
113942
113956
113976
113985
113995
114006
114026
114030
114031
114045
114047
114059
114083
114087
114089
114093
114097
114103
114107
114109
114114
114123
114161
114183
114189
114202
114215
114216
114219
114224
114225
114230
114235
114270
114274
114278
114300
114301
114309
114334
114337
114380
114399
114400
114403
114407
114421
114428
114434
114441
114443
114459
114465
114477
114479
114500
114504
114527
114550
114571
114601
114632
114654
114655
114666
114695
114701
114702
114703
114710
114714
114733
114744
114755
114771
114774
114792
114800
114813
114814
114818
114826
114840
114841
114856
114895
114950
114965
114974
114975
115008
115023
115059
115069
115072
115077
115078
115085
115100
115114
115118
115121
115123
115145
115151
115153
115156
115172
115206
115209
115210
115219
115220
115232
115240
115246
115255
115266
115270
115285
115302
115304
115308
115316
115358
115359
115371
115373
115376
115378
115384
115393
115413
115419
115421
115428
115435
115461
115472
115478
115506
115512
115524
115525
115526
115533
115544
115549
115572
115580
115583
115599
115607
115617
115623
115645
115652
115675
115683
115684
115685
115689
115707
115709
115716
115717
115721
115729
115734
115739
115750
115751
115766
115767
115783
115792
115806
115809
115820
115825
115830
115835
115847
115857
115864
115872
115880
115881
115887
115892
115893
115896
115912
115920
115927
115941
115943
115949
115950
115955
115963
115969
115974
115983
115985
115999
116002
116008
116009
116010
116014
116016
116037
116041
116073
116082
116086
116092
116093
116097
116102
116104
116116
116127
116128
116133
116150
116156
116158
116173
116179
116184
116189
116199
116217
116238
116243
116276
116277
116280
116282
116294
116327
116333
116335
116366
116376
116387
116393
116401
116403
116407
116422
116459
116483
116499
116513
116539
116552
116564
116599
116617
116626
116634
116643
116647
116673
116688
116699
116701
116709
116717
116719
116725
116727
116729
116741
116751
116752
116768
116777
116778
116789
116804
116808
116809
116834
116839
116850
116851
116868
116871
116882
116884
116887
116894
116898
116901
116909
116920
116926
116928
116950
116957
116965
116973
116998
117006
117007
117009
117024
117032
117034
117035
117037
117038
117051
117054
117089
117099
117104
117121
117129
117132
117139
117152
117210
117212
117217
117225
117239
117248
117251
117268
117307
117312
117318
117334
117345
117354
117365
117368
117374
117389
117403
117405
117411
117428
117438
117465
117480
117485
117487
117494
117514
117517
117526
117538
117545
117547
117551
117580
117596
117613
117614
117626
117638
117664
117669
117686
117690
117692
117695
117707
117708
117715
117717
117718
117725
117727
117740
117741
117744
117751
117756
117767
117771
117773
117780
117787
117808
117837
117847
117859
117876
117899
117905
117932
117942
117945
117946
117952
117965
117966
117970
117981
117986
117987
117990
117991
117994
118012
118028
118034
118038
118063
118080
118108
118112
118119
118124
118127
118135
118136
118146
118157
118164
118171
118173
118174
118194
118205
118222
118224
118244
118245
118316
118332
118336
118341
118380
118383
118398
118415
118418
118424
118427
118481
118490
118494
118512
118514
118516
118517
118526
118540
118548
118566
118575
118579
118606
118611
118618
118634
118648
118660
118677
118689
118700
118705
118717
118722
118728
118732
118738
118740
118748
118762
118763
118768
118773
118777
118779
118805
118826
118833
118838
118846
118878
118884
118908
118911
118931
118935
118940
118957
118958
118978
118980
118986
118995
119002
119008
119013
119037
119046
119052
119060
119063
119065
119093
119096
119098
119099
119101
119109
119120
119130
119159
119167
119168
119183
119189
119204
119223
119227
119235
119245
119249
119250
119253
119254
119263
119268
119274
119282
119283
119294
119300
119333
119365
119376
119387
119406
119414
119441
119455
119459
119468
119474
119484
119485
119512
119555
119569
119575
119576
119581
119583
119594
119608
119617
119650
119652
119653
119660
119665
119678
119692
119712
119717
119740
119744
119748
119750
119752
119755
119772
119774
119792
119806
119810
119813
119830
119867
119872
119883
119889
119893
119897
119899
119923
119931
119941
119942
119959
119967
119970
119983
119992
119995
119999
120000
120010
120023
120026
120027
120050
120068
120073
120092
120095
120097
120129
120132
120141
120148
120149
120175
120180
120188
120190
120197
120224
120234
120254
120259
120274
120287
120297
120317
120325
120332
120336
120378
120388
120394
120405
120415
120418
120448
120449
120451
120456
120458
120460
120483
120484
120486
120489
120496
120500
120501
120515
120518
120522
120523
120547
120551
120558
120571
120575
120589
120598
120610
120611
120631
120635
120636
120652
120667
120671
120681
120698
120700
120706
120711
120727
120730
120740
120744
120752
120758
120767
120774
120776
120778
120781
120789
120790
120801
120805
120818
120853
120869
120876
120878
120893
120900
120914
120919
120926
120941
120960
120966
120977
120979
121001
121009
121030
121032
121037
121052
121065
121081
121118
121132
121143
121148
121151
121153
121168
121176
121208
121214
121218
121219
121221
121245
121261
121266
121278
121292
121295
121310
121317
121323
121329
121334
121341
121374
121382
121383
121388
121400
121411
121413
121415
121432
121444
121446
121491
121492
121504
121510
121512
121520
121536
121551
121553
121567
121570
121584
121603
121604
121611
121623
121627
121645
121650
121653
121658
121660
121665
121669
121670
121673
121680
121690
121704
121738
121760
121776
121778
121784
121787
121788
121797
121810
121834
121836
121861
121869
121870
121879
121886
121898
121910
121937
121957
121960
121979
121988
121991
122022
122039
122045
122068
122071
122101
122108
122117
122134
122138
122143
122144
122146
122150
122163
122167
122174
122207
122233
122234
122235
122242
122245
122249
122253
122264
122272
122282
122283
122287
122290
122324
122334
122349
122355
122359
122362
122375
122413
122417
122426
122431
122432
122455
122462
122469
122477
122505
122506
122523
122530
122542
122567
122581
122600
122603
122643
122645
122646
122652
122656
122661
122666
122677
122682
122683
122701
122706
122707
122728
122748
122751
122758
122774
122787
122789
122793
122802
122807
122814
122834
122836
122839
122847
122870
122885
122905
122912
122916
122924
122929
122937
122946
122950
122967
122973
122996
123006
123022
123024
123031
123036
123047
123053
123054
123055
123056
123074
123078
123095
123113
123116
123150
123173
123186
123189
123192
123193
123204
123228
123236
123246
123265
123272
123297
123305
123308
123325
123335
123356
123368
123385
123388
123392
123410
123411
123430
123434
123449
123454
123461
123480
123500
123512
123523
123529
123540
123546
123549
123568
123575
123581
123590
123592
123597
123606
123622
123649
123662
123664
123695
123702
123709
123728
123739
123745
123763
123765
123823
123824
123828
123842
123843
123845
123855
123861
123863
123865
123866
123867
123875
123879
123886
123894
123898
123902
123919
123930
123944
123971
123973
123981
123983
123991
124013
124014
124018
124023
124031
124047
124052
124062
124070
124077
124079
124098
124111
124115
124126
124148
124154
124158
124160
124168
124169
124178
124185
124188
124191
124211
124212
124219
124221
124229
124236
124237
124242
124254
124258
124269
124291
124295
124301
124305
124311
124314
124315
124318
124329
124342
124343
124387
124408
124414
124418
124427
124447
124462
124464
124481
124482
124495
124500
124501
124502
124503
124529
124544
124572
124573
124583
124603
124604
124608
124611
124643
124646
124675
124679
124691
124693
124702
124713
124726
124728
124736
124739
124743
124762
124785
124794
124797
124804
124823
124829
124840
124869
124870
124874
124876
124884
124908
124932
124938
124943
124948
124974
124988
125005
125010
125013
125014
125023
125036
125050
125061
125066
125068
125075
125111
125113
125124
125127
125156
125184
125189
125192
125195
125214
125239
125242
125254
125262
125272
125286
125291
125293
125296
125297
125310
125332
125333
125338
125352
125369
125424
125431
125451
125464
125473
125488
125499
125523
125525
125538
125544
125549
125584
125588
125590
125591
125604
125605
125612
125615
125619
125621
125627
125643
125650
125664
125669
125690
125705
125722
125743
125744
125746
125758
125784
125812
125816
125824
125828
125830
125835
125842
125843
125845
125851
125857
125858
125862
125865
125867
125874
125881
125885
125887
125897
125898
125903
125907
125909
125910
125918
125930
125947
125960
125962
125964
125974
125998
126004
126016
126022
126037
126040
126042
126049
126058
126081
126083
126084
126087
126103
126110
126118
126122
126131
126148
126149
126151
126157
126159
126203
126208
126210
126230
126244
126247
126269
126286
126315
126319
126326
126328
126330
126332
126335
126336
126356
126367
126384
126410
126415
126452
126454
126462
126468
126470
126479
126482
126495
126499
126507
126521
126530
126548
126550
126554
126557
126574
126577
126581
126582
126585
126593
126607
126612
126619
126630
126641
126645
126650
126651
126670
126677
126687
126699
126704
126720
126721
126739
126751
126755
126759
126768
126780
126788
126798
126822
126823
126826
126828
126837
126848
126870
126875
126878
126881
126883
126894
126908
126920
126921
126923
126931
126947
126948
126956
126964
126979
126988
126998
126999
127013
127024
127025
127032
127039
127042
127055
127067
127074
127085
127094
127097
127102
127103
127125
127159
127168
127169
127184
127204
127213
127221
127258
127260
127267
127269
127292
127293
127307
127314
127334
127343
127351
127355
127358
127366
127373
127376
127379
127382
127392
127401
127406
127447
127448
127449
127470
127478
127483
127503
127514
127529
127536
127540
127580
127584
127593
127596
127611
127623
127641
127653
127654
127664
127669
127672
127680
127685
127694
127695
127709
127719
127740
127755
127760
127764
127772
127779
127783
127790
127809
127817
127818
127824
127827
127836
127852
127853
127864
127888
127897
127934
127936
127946
127960
127965
127968
127974
127980
127981
127984
128000
128003
128007
128013
128024
128029
128033
128040
128050
128067
128073
128095
128096
128106
128121
128125
128134
128140
128159
128163
128174
128189
128198
128204
128214
128225
128227
128230
128238
128239
128249
128281
128283
128284
128289
128302
128322
128325
128328
128331
128345
128347
128358
128383
128386
128387
128393
128405
128406
128410
128411
128433
128462
128477
128481
128488
128490
128500
128505
128510
128515
128542
128572
128582
128610
128618
128641
128655
128657
128663
128672
128680
128695
128716
128717
128721
128727
128729
128736
128753
128759
128760
128764
128772
128778
128787
128821
128822
128830
128848
128856
128865
128869
128881
128893
128900
128911
128915
128927
128933
128952
128961
128963
128978
128997
129014
129020
129030
129035
129047
129061
129064
129074
129078
129087
129090
129095
129134
129135
129136
129142
129161
129163
129164
129175
129184
129187
129191
129199
129211
129223
129273
129275
129281
129307
129327
129329
129332
129334
129349
129362
129371
129376
129391
129395
129405
129417
129428
129433
129437
129445
129452
129456
129460
129486
129505
129524
129529
129533
129537
129539
129545
129552
129554
129563
129568
129586
129590
129603
129609
129614
129623
129624
129634
129635
129641
129642
129646
129649
129650
129659
129674
129679
129692
129696
129706
129709
129727
129744
129753
129755
129781
129792
129797
129802
129803
129844
129860
129862
129865
129866
129882
129893
129894
129913
129916
129920
129938
129956
129966
129974
130001
130020
130048
130050
130057
130060
130064
130084
130089
130098
130127
130130
130134
130135
130142
130166
130175
130183
130187
130190
130201
130203
130204
130213
130225
130231
130256
130265
130267
130278
130279
130296
130302
130312
130327
130339
130346
130347
130351
130363
130368
130372
130383
130407
130409
130414
130437
130454
130462
130493
130494
130512
130527
130529
130535
130540
130549
130552
130564
130585
130591
130600
130602
130620
130633
130638
130640
130647
130653
130662
130688
130721
130731
130733
130734
130739
130744
130751
130766
130772
130776
130777
130779
130795
130817
130820
130826
130834
130836
130837
130845
130850
130874
130883
130892
130896
130898
130920
130940
130946
130949
130955
130976
130993
131003
131010
131014
131019
131035
131037
131050
131074
131077
131093
131099
131100
131110
131124
131135
131143
131149
131155
131183
131218
131219
131224
131228
131248
131249
131273
131284
131295
131305
131306
131317
131340
131348
131361
131368
131384
131397
131401
131426
131437
131438
131443
131449
131466
131468
131473
131482
131485
131530
131531
131542
131552
131576
131592
131595
131608
131611
131616
131641
131656
131658
131671
131679
131687
131710
131713
131722
131724
131727
131734
131748
131754
131778
131784
131792
131820
131836
131837
131839
131850
131851
131868
131880
131881
131889
131896
131900
131903
131925
131940
131946
131947
131958
131961
131974
131981
131983
132003
132012
132013
132016
132024
132031
132053
132081
132093
132100
132107
132127
132135
132161
132163
132169
132180
132182
132187
132214
132237
132247
132253
132258
132260
132287
132288
132291
132312
132317
132318
132329
132347
132354
132358
132360
132386
132388
132396
132406
132412
132413
132441
132444
132450
132451
132461
132468
132473
132474
132478
132481
132493
132514
132515
132516
132529
132543
132553
132563
132568
132583
132604
132605
132606
132607
132608
132610
132612
132618
132629
132642
132649
132650
132654
132663
132665
132677
132693
132699
132725
132737
132740
132744
132750
132760
132762
132774
132776
132780
132789
132801
132804
132838
132848
132850
132854
132867
132881
132887
132896
132898
132909
132941
132944
132946
132948
132951
132970
133003
133010
133011
133012
133032
133048
133051
133052
133053
133057
133064
133093
133114
133116
133125
133127
133162
133183
133191
133193
133200
133207
133210
133215
133219
133229
133230
133237
133247
133264
133272
133303
133305
133310
133318
133324
133342
133347
133370
133390
133392
133394
133419
133448
133485
133499
133501
133515
133529
133532
133539
133555
133558
133564
133567
133594
133623
133651
133658
133664
133669
133673
133675
133691
133693
133701
133705
133720
133764
133772
133779
133791
133820
133823
133831
133839
133842
133843
133860
133881
133893
133895
133897
133899
133917
133918
133934
133950
133965
133985
133986
134003
134018
134023
134031
134047
134052
134056
134072
134078
134079
134084
134098
134099
134100
134127
134130
134137
134140
134142
134145
134166
134174
134178
134186
134187
134192
134208
134233
134235
134238
134256
134282
134306
134316
134332
134357
134364
134374
134385
134409
134416
134429
134437
134447
134450
134451
134454
134456
134483
134490
134496
134517
134521
134541
134543
134550
134578
134600
134606
134641
134653
134657
134668
134676
134678
134689
134690
134692
134705
134715
134718
134720
134721
134733
134738
134744
134746
134754
134756
134758
134761
134766
134792
134804
134824
134827
134837
134842
134861
134865
134896
134905
134910
134915
134926
134933
134937
134943
134970
134983
134991
135007
135014
135016
135036
135041
135045
135052
135057
135059
135076
135082
135097
135117
135127
135136
135137
135138
135142
135151
135154
135169
135177
135184
135194
135200
135216
135218
135223
135238
135239
135243
135251
135254
135260
135264
135273
135283
135286
135288
135291
135303
135304
135364
135371
135377
135399
135408
135417
135419
135432
135438
135444
135446
135450
135451
135463
135470
135473
135475
135492
135508
135525
135534
135542
135545
135548
135556
135567
135570
135578
135590
135592
135600
135605
135610
135616
135618
135637
135649
135655
135658
135675
135703
135704
135713
135718
135726
135752
135782
135807
135820
135836
135849
135850
135866
135873
135880
135883
135887
135898
135899
135928
135934
135943
135946
135970
136002
136005
136014
136037
136055
136058
136063
136084
136090
136102
136126
136132
136165
136187
136190
136197
136207
136221
136225
136232
136239
136241
136243
136245
136266
136284
136287
136305
136318
136324
136345
136350
136359
136364
136372
136380
136381
136428
136434
136454
136461
136480
136484
136487
136503
136510
136526
136543
136545
136552
136574
136583
136589
136617
136643
136703
136704
136720
136740
136769
136786
136800
136803
136815
136827
136852
136862
136879
136890
136891
136907
136909
136910
136936
136938
136943
136950
136978
137000
137016
137021
137022
137055
137061
137065
137090
137091
137092
137094
137103
137111
137114
137121
137141
137143
137151
137152
137158
137159
137167
137181
137182
137186
137196
137232
137238
137246
137251
137258
137264
137279
137320
137341
137355
137360
137362
137374
137390
137403
137411
137417
137435
137464
137476
137478
137507
137510
137514
137531
137545
137554
137558
137563
137592
137607
137610
137613
137629
137640
137643
137655
137658
137660
137662
137675
137679
137682
137690
137707
137727
137752
137754
137760
137764
137773
137781
137784
137791
137797
137802
137809
137813
137818
137820
137826
137833
137839
137848
137865
137887
137891
137908
137910
137921
137926
137936
137937
137945
137951
137954
137988
137994
137998
138006
138008
138015
138020
138027
138033
138036
138045
138046
138076
138085
138096
138111
138112
138150
138153
138158
138165
138169
138215
138228
138229
138247
138255
138270
138282
138289
138315
138338
138340
138363
138392
138393
138397
138398
138400
138403
138414
138419
138436
138442
138444
138445
138447
138449
138450
138460
138461
138479
138481
138488
138490
138492
138533
138539
138542
138546
138588
138594
138623
138628
138639
138648
138671
138672
138680
138684
138699
138709
138728
138738
138784
138796
138801
138804
138806
138813
138819
138829
138840
138844
138869
138885
138891
138896
138914
138926
138936
138955
138960
138961
138986
138990
138992
138997
139007
139013
139021
139045
139051
139068
139087
139093
139112
139116
139119
139120
139131
139135
139140
139142
139143
139158
139181
139192
139200
139206
139226
139246
139251
139282
139285
139295
139297
139300
139304
139312
139318
139323
139325
139340
139348
139366
139367
139380
139381
139383
139395
139399
139409
139416
139423
139424
139430
139450
139455
139467
139470
139483
139486
139492
139493
139500
139516
139520
139523
139544
139578
139581
139605
139646
139665
139687
139695
139696
139719
139721
139722
139748
139763
139768
139770
139771
139773
139776
139777
139783
139789
139799
139805
139807
139814
139815
139831
139850
139853
139856
139858
139864
139868
139869
139874
139876
139880
139893
139898
139900
139901
139906
139923
139931
139956
139979
139992
139994
140029
140038
140052
140078
140089
140094
140106
140107
140128
140153
140170
140175
140189
140192
140204
140218
140219
140240
140257
140279
140328
140330
140331
140348
140383
140445
140472
140480
140485
140492
140493
140516
140518
140522
140570
140571
140591
140592
140598
140604
140612
140635
140640
140643
140654
140655
140678
140683
140684
140690
140731
140776
140782
140794
140808
140810
140838
140852
140854
140869
140871
140881
140889
140901
140903
140904
140905
140910
140932
140950
140952
140960
140966
140982
140986
140989
141005
141020
141021
141027
141030
141044
141049
141052
141057
141062
141106
141120
141128
141140
141147
141149
141160
141164
141173
141182
141191
141194
141197
141201
141211
141213
141216
141217
141218
141221
141228
141229
141231
141234
141276
141286
141302
141348
141354
141360
141361
141369
141380
141387
141394
141416
141418
141424
141429
141436
141454
141459
141461
141506
141510
141523
141531
141533
141559
141582
141585
141595
141606
141607
141611
141616
141629
141667
141679
141682
141685
141686
141707
141718
141730
141742
141749
141763
141767
141772
141802
141818
141823
141832
141845
141874
141919
141922
141926
141930
141943
141945
141959
141978
141991
141992
141994
141999
142002
142003
142013
142019
142042
142057
142073
142083
142091
142093
142139
142146
142162
142187
142190
142206
142210
142215
142227
142231
142249
142250
142262
142288
142309
142316
142335
142336
142343
142359
142369
142372
142379
142380
142382
142389
142398
142404
142406
142428
142438
142440
142444
142447
142450
142471
142490
142527
142528
142542
142545
142546
142566
142576
142590
142596
142601
142615
142624
142648
142651
142661
142663
142681
142688
142720
142735
142738
142744
142749
142757
142758
142760
142761
142779
142799
142824
142831
142848
142858
142861
142879
142885
142901
142909
142917
142920
142925
142934
142939
142942
142947
142950
142961
142965
142971
142973
142986
142991
142992
142999
143001
143006
143009
143010
143028
143037
143065
143086
143098
143126
143137
143143
143145
143154
143182
143210
143213
143214
143229
143231
143233
143238
143244
143253
143254
143256
143257
143270
143272
143284
143287
143289
143293
143304
143326
143328
143345
143380
143383
143398
143401
143403
143406
143414
143426
143428
143436
143439
143441
143447
143454
143460
143463
143466
143471
143481
143493
143522
143535
143540
143544
143550
143558
143572
143586
143596
143599
143621
143622
143630
143631
143653
143654
143658
143685
143707
143728
143729
143732
143735
143738
143741
143757
143763
143765
143773
143803
143804
143805
143807
143812
143816
143830
143838
143846
143852
143861
143862
143863
143864
143870
143897
143899
143909
143928
143931
143951
143958
143962
143963
143964
143970
143974
143981
143984
144018
144039
144052
144055
144074
144078
144079
144096
144100
144122
144152
144168
144182
144200
144207
144210
144235
144245
144250
144254
144270
144285
144286
144287
144294
144302
144317
144327
144331
144349
144378
144380
144394
144400
144407
144410
144412
144413
144421
144426
144432
144437
144439
144456
144457
144463
144476
144477
144478
144479
144496
144509
144523
144530
144545
144572
144576
144590
144611
144626
144629
144644
144650
144656
144659
144660
144670
144676
144700
144714
144730
144732
144733
144734
144736
144739
144749
144755
144768
144772
144778
144782
144784
144788
144799
144822
144825
144833
144846
144875
144881
144885
144893
144897
144901
144926
144937
144945
144946
144955
144985
144989
144999
145012
145025
145044
145055
145060
145061
145066
145068
145070
145092
145108
145113
145116
145120
145126
145132
145178
145185
145194
145199
145212
145218
145226
145234
145242
145243
145261
145267
145275
145287
145288
145301
145302
145303
145304
145320
145323
145325
145341
145349
145357
145366
145373
145380
145390
145401
145420
145424
145439
145440
145441
145451
145452
145455
145484
145497
145498
145505
145513
145515
145527
145569
145594
145612
145623
145628
145631
145633
145640
145646
145663
145682
145696
145699
145706
145710
145721
145723
145738
145744
145751
145771
145778
145787
145789
145793
145803
145809
145813
145850
145860
145866
145867
145879
145915
145920
145942
145943
145945
145950
145962
146008
146022
146024
146043
146044
146053
146056
146089
146096
146130
146131
146134
146140
146143
146145
146153
146156
146173
146193
146207
146221
146223
146235
146248
146250
146257
146269
146276
146285
146287
146305
146310
146323
146330
146338
146346
146363
146372
146375
146384
146390
146424
146450
146455
146459
146487
146495
146499
146501
146507
146508
146513
146517
146529
146531
146534
146554
146559
146563
146589
146591
146592
146602
146619
146629
146648
146650
146668
146677
146683
146689
146699
146713
146727
146752
146753
146764
146794
146802
146806
146867
146876
146882
146887
146916
146926
146930
146946
146958
146969
146978
146984
146986
146994
146995
146996
146997
147008
147014
147016
147019
147025
147033
147044
147062
147079
147080
147082
147088
147091
147093
147106
147109
147138
147174
147196
147201
147206
147224
147251
147273
147275
147321
147328
147344
147357
147362
147368
147406
147416
147418
147424
147428
147447
147465
147471
147473
147477
147481
147503
147515
147527
147534
147541
147548
147572
147577
147580
147584
147597
147604
147608
147613
147618
147627
147628
147633
147636
147658
147676
147682
147692
147697
147705
147706
147707
147715
147724
147726
147727
147731
147740
147743
147753
147767
147777
147786
147787
147794
147818
147827
147830
147842
147844
147850
147861
147862
147868
147883
147886
147889
147907
147918
147922
147925
147926
147932
147939
147940
147942
147946
147951
147954
147969
148002
148008
148024
148050
148062
148068
148088
148096
148097
148110
148116
148118
148127
148146
148147
148150
148170
148183
148187
148193
148195
148202
148205
148224
148233
148244
148261
148269
148273
148296
148299
148311
148319
148345
148348
148354
148369
148375
148379
148392
148394
148402
148405
148462
148470
148477
148491
148497
148500
148504
148518
148521
148534
148559
148565
148573
148583
148593
148594
148595
148599
148622
148627
148642
148643
148689
148701
148704
148706
148710
148726
148736
148738
148742
148747
148753
148760
148791
148794
148802
148806
148836
148842
148848
148874
148880
148882
148884
148916
148919
148928
148934
148939
148953
148959
148964
148991
148992
149000
149001
149009
149010
149011
149026
149052
149054
149063
149072
149074
149075
149079
149083
149124
149147
149154
149166
149167
149172
149175
149177
149201
149203
149217
149224
149263
149267
149281
149302
149304
149310
149312
149314
149322
149336
149345
149350
149359
149374
149378
149381
149385
149392
149398
149399
149405
149406
149413
149424
149429
149444
149456
149469
149491
149493
149506
149508
149516
149527
149529
149546
149548
149565
149573
149580
149592
149594
149603
149631
149646
149647
149668
149669
149690
149699
149720
149750
149770
149771
149778
149792
149798
149799
149811
149812
149823
149824
149841
149895
149908
149916
149918
149921
149922
149949
149951
149956
149966
149981
150002
150016
150056
150059
150062
150076
150087
150101
150109
150125
150126
150129
150131
150140
150153
150155
150156
150167
150187
150195
150197
150202
150206
150208
150228
150229
150249
150255
150277
150278
150291
150302
150315
150316
150320
150330
150337
150344
150347
150357
150358
150365
150366
150372
150377
150386
150394
150400
150403
150406
150408
150412
150433
150454
150456
150461
150475
150476
150490
150497
150504
150521
150525
150549
150552
150557
150598
150606
150617
150619
150620
150635
150642
150647
150650
150658
150666
150686
150695
150696
150698
150707
150733
150742
150744
150756
150770
150779
150803
150816
150818
150826
150828
150837
150886
150891
150893
150918
150922
150928
150933
150948
150960
150968
150982
150988
151024
151025
151032
151037
151048
151073
151080
151085
151098
151099
151113
151124
151132
151136
151142
151152
151153
151160
151163
151181
151185
151189
151198
151215
151219
151223
151231
151247
151251
151253
151261
151281
151304
151305
151327
151332
151335
151341
151354
151370
151383
151405
151408
151420
151422
151424
151425
151430
151432
151433
151434
151438
151465
151466
151470
151476
151479
151492
151503
151517
151540
151552
151554
151557
151607
151611
151654
151664
151666
151667
151687
151691
151695
151696
151707
151728
151736
151758
151767
151796
151802
151814
151825
151830
151838
151853
151862
151867
151869
151870
151881
151884
151893
151903
151909
151918
151924
151955
151964
151997
152002
152004
152008
152029
152041
152057
152070
152080
152085
152088
152100
152103
152106
152129
152180
152193
152208
152215
152218
152219
152227
152229
152249
152270
152271
152284
152308
152311
152316
152324
152335
152355
152356
152360
152373
152374
152376
152379
152383
152399
152414
152415
152416
152424
152429
152439
152450
152482
152494
152496
152500
152514
152518
152521
152527
152528
152537
152542
152543
152557
152562
152564
152605
152609
152614
152637
152638
152642
152646
152659
152677
152682
152712
152718
152733
152767
152775
152785
152792
152796
152802
152817
152837
152843
152856
152861
152862
152865
152873
152890
152891
152898
152908
152941
152956
152959
152975
152976
152977
152979
152987
152992
152993
153001
153010
153026
153056
153060
153067
153071
153083
153085
153094
153102
153103
153108
153113
153129
153133
153139
153142
153162
153178
153184
153202
153206
153212
153231
153232
153235
153240
153255
153271
153290
153296
153297
153329
153335
153359
153383
153388
153390
153400
153411
153417
153424
153433
153450
153454
153467
153468
153478
153486
153493
153494
153506
153512
153513
153515
153517
153539
153549
153555
153557
153558
153577
153624
153656
153662
153668
153694
153698
153702
153710
153715
153734
153739
153743
153751
153756
153776
153782
153803
153810
153833
153845
153851
153852
153854
153856
153858
153863
153894
153896
153906
153907
153911
153930
153931
153944
153950
153963
153968
153969
153974
153976
154008
154010
154031
154034
154038
154046
154050
154064
154068
154086
154093
154110
154116
154117
154120
154131
154140
154161
154165
154167
154174
154175
154181
154195
154219
154243
154259
154268
154271
154289
154296
154308
154317
154331
154332
154333
154364
154367
154377
154403
154419
154423
154470
154478
154484
154496
154514
154516
154525
154528
154533
154540
154548
154549
154550
154556
154559
154575
154576
154579
154583
154587
154605
154614
154617
154618
154619
154623
154640
154655
154677
154682
154692
154728
154749
154765
154773
154815
154840
154845
154851
154893
154901
154910
154929
154938
154981
154991
154996
155005
155011
155012
155024
155025
155043
155069
155081
155097
155100
155120
155122
155131
155142
155185
155190
155199
155200
155201
155208
155209
155214
155220
155238
155239
155254
155266
155289
155298
155303
155308
155324
155328
155343
155364
155369
155408
155413
155418
155421
155428
155448
155459
155463
155475
155489
155531
155547
155559
155565
155581
155605
155609
155611
155619
155623
155629
155641
155651
155667
155672
155673
155674
155689
155701
155705
155710
155712
155719
155722
155724
155729
155730
155738
155763
155764
155787
155789
155793
155806
155825
155883
155927
155930
155940
155951
155967
155972
155977
155980
155989
156010
156014
156059
156071
156074
156075
156079
156086
156116
156118
156127
156136
156174
156175
156184
156188
156191
156197
156207
156223
156224
156267
156288
156289
156301
156318
156320
156322
156334
156344
156363
156367
156369
156370
156396
156417
156430
156437
156442
156455
156459
156464
156469
156470
156472
156513
156533
156552
156566
156586
156611
156646
156648
156653
156661
156694
156697
156704
156712
156729
156731
156732
156754
156756
156762
156766
156783
156786
156795
156799
156801
156821
156822
156830
156840
156867
156881
156884
156891
156895
156906
156909
156915
156917
156949
156950
156953
156961
156972
156975
156977
156992
156994
157008
157039
157049
157060
157065
157068
157137
157147
157151
157161
157186
157190
157194
157207
157227
157231
157232
157234
157235
157237
157262
157263
157264
157271
157275
157290
157308
157334
157343
157347
157355
157356
157358
157423
157424
157426
157430
157431
157433
157440
157441
157444
157465
157491
157497
157498
157499
157519
157530
157533
157536
157539
157541
157552
157566
157571
157577
157578
157589
157597
157604
157625
157626
157630
157638
157640
157650
157676
157677
157688
157692
157697
157704
157708
157709
157727
157733
157737
157738
157745
157756
157778
157781
157789
157796
157805
157821
157825
157830
157834
157848
157863
157867
157868
157872
157874
157876
157892
157917
157933
157947
157972
158023
158027
158038
158041
158044
158052
158059
158061
158067
158084
158096
158097
158107
158116
158118
158121
158155
158176
158181
158196
158212
158213
158218
158228
158236
158239
158243
158267
158268
158282
158283
158300
158306
158312
158323
158324
158327
158335
158337
158344
158345
158346
158351
158354
158372
158405
158411
158429
158432
158434
158436
158449
158464
158499
158504
158506
158519
158520
158522
158529
158534
158544
158565
158570
158595
158612
158622
158635
158643
158645
158651
158652
158667
158700
158722
158730
158744
158747
158765
158776
158779
158798
158805
158812
158822
158846
158849
158876
158894
158898
158930
158933
158950
158951
158953
158958
158965
158997
159009
159022
159023
159025
159026
159029
159056
159066
159079
159090
159113
159114
159116
159119
159122
159123
159133
159137
159142
159150
159156
159165
159170
159175
159177
159184
159186
159196
159203
159217
159221
159229
159247
159251
159283
159286
159301
159328
159333
159351
159366
159367
159372
159375
159394
159401
159416
159448
159476
159480
159486
159499
159504
159510
159519
159521
159523
159551
159552
159560
159582
159583
159606
159612
159614
159618
159628
159629
159633
159635
159640
159647
159664
159681
159684
159726
159733
159736
159772
159774
159791
159798
159804
159819
159848
159852
159854
159859
159863
159869
159882
159887
159906
159910
159921
159929
159934
159937
159962
159972
159979
159985
159991
160006
160018
160027
160077
160082
160101
160112
160145
160147
160148
160151
160161
160173
160177
160182
160184
160189
160190
160191
160207
160214
160224
160229
160233
160234
160252
160255
160257
160261
160266
160276
160279
160295
160298
160328
160364
160372
160381
160407
160410
160411
160431
160442
160444
160452
160470
160479
160497
160500
160513
160523
160538
160541
160555
160560
160567
160579
160615
160620
160642
160653
160660
160665
160676
160677
160678
160684
160692
160700
160713
160722
160730
160731
160741
160762
160771
160775
160781
160787
160808
160827
160837
160854
160898
160936
160954
160959
160978
160988
160995
161002
161011
161013
161020
161031
161042
161043
161048
161082
161083
161085
161097
161105
161106
161108
161111
161132
161140
161151
161158
161160
161168
161176
161183
161190
161196
161209
161224
161229
161230
161232
161233
161245
161248
161250
161259
161260
161264
161274
161279
161301
161306
161310
161312
161321
161324
161331
161339
161372
161373
161397
161400
161410
161411
161413
161416
161430
161434
161459
161462
161469
161470
161486
161491
161505
161509
161529
161548
161563
161570
161581
161592
161594
161602
161607
161615
161617
161636
161639
161645
161669
161674
161681
161687
161722
161744
161759
161761
161763
161773
161776
161779
161791
161798
161800
161810
161826
161828
161831
161843
161847
161855
161868
161874
161886
161889
161897
161944
161946
161947
161951
161965
161999
162006
162008
162016
162018
162042
162043
162059
162071
162074
162085
162093
162104
162127
162142
162154
162165
162166
162180
162187
162188
162203
162205
162211
162226
162230
162243
162245
162258
162267
162285
162296
162300
162304
162316
162320
162356
162357
162361
162376
162404
162407
162410
162430
162436
162457
162468
162477
162488
162494
162499
162503
162518
162546
162561
162564
162573
162591
162594
162606
162649
162659
162662
162675
162677
162691
162705
162707
162724
162731
162737
162766
162799
162801
162802
162812
162814
162832
162833
162836
162837
162858
162859
162865
162893
162898
162902
162911
162922
162923
162925
162932
162945
162955
162957
162975
162979
162990
163005
163028
163036
163045
163056
163065
163068
163071
163073
163089
163096
163121
163127
163129
163132
163133
163137
163138
163139
163147
163150
163154
163162
163176
163179
163187
163196
163224
163231
163243
163254
163272
163285
163291
163293
163299
163302
163317
163329
163342
163347
163399
163406
163408
163413
163428
163438
163454
163459
163471
163478
163482
163515
163517
163540
163541
163542
163554
163563
163565
163577
163587
163627
163628
163629
163640
163645
163657
163691
163700
163722
163730
163737
163739
163749
163753
163757
163758
163795
163797
163815
163823
163838
163851
163858
163864
163865
163882
163885
163896
163920
163922
163946
163968
163973
164021
164025
164035
164036
164073
164075
164076
164083
164094
164111
164130
164132
164139
164141
164144
164152
164162
164164
164173
164176
164177
164178
164208
164214
164231
164249
164252
164268
164273
164277
164302
164317
164319
164332
164349
164357
164359
164369
164385
164396
164404
164424
164430
164435
164460
164466
164471
164480
164486
164490
164494
164513
164520
164537
164539
164551
164560
164572
164585
164587
164598
164601
164610
164623
164636
164642
164653
164655
164671
164700
164701
164704
164708
164723
164727
164731
164738
164748
164773
164778
164779
164784
164785
164787
164790
164792
164800
164826
164847
164853
164854
164869
164871
164889
164898
164901
164902
164925
164930
164938
164946
164949
164953
164954
164963
164969
164980
164982
164991
165000
165013
165015
165026
165028
165034
165035
165040
165042
165049
165055
165061
165067
165074
165079
165086
165091
165095
165100
165106
165111
165117
165127
165166
165169
165172
165193
165195
165204
165227
165230
165232
165245
165261
165263
165264
165272
165286
165289
165290
165292
165305
165312
165319
165338
165370
165397
165405
165424
165425
165430
165447
165456
165458
165465
165489
165502
165507
165513
165530
165561
165586
165601
165607
165610
165625
165629
165637
165639
165640
165661
165662
165669
165672
165687
165691
165701
165709
165719
165720
165741
165753
165755
165762
165776
165785
165796
165797
165802
165827
165828
165843
165846
165881
165882
165889
165949
165970
165971
165978
165983
165985
166016
166024
166031
166032
166036
166055
166070
166074
166084
166085
166090
166111
166115
166133
166137
166147
166150
166177
166180
166182
166194
166205
166207
166225
166234
166244
166248
166253
166255
166261
166281
166283
166289
166290
166292
166304
166305
166307
166311
166322
166337
166339
166341
166344
166373
166385
166397
166401
166413
166415
166420
166427
166447
166448
166455
166459
166489
166492
166495
166502
166504
166521
166542
166547
166548
166576
166578
166580
166618
166620
166622
166627
166635
166646
166654
166660
166667
166680
166688
166691
166693
166695
166701
166730
166734
166750
166755
166759
166760
166765
166767
166777
166801
166831
166834
166838
166841
166873
166888
166892
166913
166919
166920
166932
166941
166944
166954
166955
166961
166976
166977
167004
167019
167039
167043
167077
167078
167080
167087
167102
167103
167116
167119
167127
167135
167140
167142
167158
167161
167181
167213
167217
167241
167250
167271
167275
167278
167279
167310
167311
167335
167361
167367
167383
167401
167421
167431
167432
167443
167454
167455
167467
167515
167529
167532
167566
167580
167587
167596
167597
167607
167621
167640
167648
167657
167676
167703
167705
167714
167715
167722
167742
167746
167747
167760
167763
167767
167774
167786
167804
167807
167809
167811
167814
167816
167836
167847
167858
167872
167889
167905
167923
167946
167949
167970
167972
167983
167984
167994
168002
168020
168031
168041
168042
168051
168089
168112
168117
168134
168136
168146
168154
168170
168176
168177
168191
168196
168198
168202
168212
168228
168229
168237
168242
168256
168264
168276
168289
168302
168317
168331
168340
168347
168349
168360
168361
168366
168370
168385
168404
168415
168420
168428
168438
168439
168461
168463
168467
168489
168492
168515
168518
168523
168524
168554
168556
168565
168567
168574
168580
168591
168601
168614
168616
168617
168620
168624
168640
168654
168709
168712
168735
168748
168755
168767
168771
168786
168788
168790
168807
168828
168833
168848
168855
168875
168878
168889
168894
168897
168941
168945
168952
168963
168966
168983
168986
168999
169003
169006
169013
169032
169034
169042
169048
169060
169062
169079
169080
169097
169102
169108
169112
169142
169153
169162
169168
169194
169212
169217
169219
169231
169236
169247
169258
169298
169302
169305
169346
169350
169352
169381
169382
169384
169386
169411
169423
169426
169431
169457
169459
169466
169474
169504
169518
169524
169529
169536
169537
169538
169547
169559
169562
169567
169570
169581
169588
169589
169597
169601
169612
169615
169630
169639
169641
169656
169676
169683
169692
169698
169712
169734
169737
169753
169766
169773
169784
169785
169809
169812
169827
169848
169856
169867
169882
169886
169899
169912
169915
169952
169970
169975
169980
169991
169997
170004
170044
170049
170051
170064
170067
170123
170127
170138
170153
170161
170166
170171
170180
170186
170197
170247
170248
170260
170269
170301
170303
170317
170345
170352
170354
170355
170360
170381
170412
170425
170430
170465
170469
170487
170489
170490
170493
170509
170510
170515
170526
170534
170537
170541
170563
170583
170585
170617
170628
170631
170633
170647
170655
170684
170689
170695
170707
170717
170725
170745
170751
170752
170761
170776
170792
170795
170796
170814
170847
170854
170874
170876
170877
170878
170888
170905
170919
170922
170940
170944
170948
170962
170972
170973
170976
170982
170990
171011
171015
171025
171028
171036
171081
171095
171108
171126
171141
171143
171161
171167
171181
171182
171213
171251
171254
171278
171318
171325
171326
171329
171330
171340
171342
171344
171350
171368
171371
171379
171380
171383
171391
171394
171401
171449
171453
171461
171499
171519
171533
171552
171563
171566
171588
171594
171598
171602
171622
171625
171628
171629
171661
171697
171703
171705
171718
171738
171764
171765
171767
171773
171792
171806
171819
171828
171829
171835
171856
171860
171866
171873
171876
171888
171906
171918
171922
171926
171944
171950
171959
171978
171983
171987
171988
171996
172013
172022
172023
172028
172050
172054
172060
172073
172075
172083
172084
172088
172100
172104
172110
172113
172117
172128
172135
172138
172146
172152
172155
172168
172170
172175
172179
172180
172195
172197
172198
172213
172217
172232
172236
172240
172249
172272
172274
172297
172305
172315
172316
172321
172327
172344
172345
172352
172360
172365
172376
172378
172379
172399
172410
172412
172421
172429
172432
172436
172458
172467
172476
172496
172517
172522
172528
172529
172573
172583
172590
172599
172602
172629
172638
172642
172645
172678
172693
172695
172696
172700
172712
172717
172718
172741
172764
172775
172781
172782
172826
172852
172869
172885
172893
172898
172922
172934
172953
172959
172960
172967
172971
172972
172975
172978
172987
172988
172993
173035
173036
173047
173048
173059
173075
173078
173091
173107
173121
173127
173150
173154
173156
173172
173175
173183
173207
173208
173223
173225
173236
173283
173284
173289
173292
173296
173311
173335
173345
173346
173347
173349
173353
173356
173357
173370
173386
173389
173394
173398
173405
173411
173415
173427
173436
173450
173455
173460
173477
173479
173488
173513
173542
173551
173559
173560
173572
173585
173590
173598
173603
173606
173609
173610
173636
173639
173665
173683
173711
173712
173716
173720
173721
173738
173743
173758
173767
173793
173794
173799
173802
173804
173805
173806
173817
173826
173827
173828
173834
173875
173877
173888
173891
173903
173907
173916
173934
173942
173944
173962
173974
173977
173982
173984
173994
173997
174020
174025
174048
174072
174074
174077
174079
174084
174106
174117
174134
174137
174138
174149
174152
174153
174161
174181
174183
174211
174245
174261
174296
174320
174329
174346
174356
174365
174371
174387
174392
174424
174425
174426
174432
174433
174434
174440
174452
174460
174463
174471
174483
174493
174494
174511
174536
174574
174580
174582
174591
174595
174604
174607
174608
174611
174615
174616
174634
174659
174669
174670
174675
174679
174680
174682
174688
174693
174717
174718
174723
174727
174738
174746
174776
174801
174821
174839
174840
174851
174858
174860
174872
174876
174883
174884
174893
174903
174914
174945
174949
174957
174960
174970
174995
174998
175026
175045
175051
175056
175067
175068
175076
175078
175089
175090
175095
175172
175174
175181
175197
175201
175208
175210
175214
175217
175222
175261
175263
175279
175306
175308
175338
175339
175342
175343
175351
175352
175377
175387
175396
175397
175406
175414
175421
175427
175436
175442
175443
175451
175456
175470
175513
175515
175532
175536
175541
175548
175562
175563
175566
175570
175579
175580
175589
175597
175607
175633
175656
175661
175665
175677
175691
175694
175696
175702
175705
175735
175736
175754
175760
175768
175802
175805
175808
175811
175813
175814
175817
175821
175823
175827
175831
175838
175853
175859
175865
175880
175883
175888
175917
175918
175919
175921
175937
175960
175975
175986
176004
176019
176021
176022
176032
176060
176063
176099
176136
176162
176169
176179
176190
176205
176212
176218
176230
176253
176256
176257
176261
176273
176285
176289
176294
176296
176313
176320
176324
176326
176335
176361
176365
176376
176397
176409
176415
176417
176425
176428
176429
176438
176440
176448
176463
176472
176491
176512
176524
176526
176531
176546
176556
176558
176572
176576
176604
176613
176638
176652
176655
176688
176701
176726
176734
176744
176751
176759
176761
176811
176825
176828
176831
176833
176841
176855
176858
176868
176888
176902
176909
176925
176934
176935
176942
176948
176960
176979
176989
176992
177001
177004
177017
177020
177024
177027
177033
177042
177052
177073
177080
177091
177123
177124
177129
177135
177143
177150
177153
177156
177162
177182
177190
177194
177212
177213
177215
177217
177225
177230
177233
177234
177238
177239
177242
177259
177269
177275
177280
177310
177311
177332
177351
177353
177360
177362
177373
177395
177409
177413
177419
177421
177428
177444
177464
177468
177469
177492
177518
177527
177531
177559
177560
177564
177569
177594
177616
177617
177631
177638
177645
177646
177651
177662
177670
177678
177691
177703
177727
177742
177745
177756
177758
177766
177774
177778
177785
177788
177790
177795
177806
177807
177834
177840
177845
177847
177848
177851
177856
177872
177882
177890
177897
177901
177914
177923
177944
177950
177957
177958
177963
177964
177972
177974
177993
177994
177997
178001
178007
178022
178051
178052
178081
178092
178099
178109
178111
178112
178129
178138
178155
178192
178202
178203
178225
178237
178238
178252
178263
178289
178302
178308
178335
178337
178341
178343
178344
178347
178350
178352
178373
178384
178409
178415
178421
178433
178438
178444
178456
178458
178473
178474
178496
178509
178512
178532
178539
178540
178547
178551
178552
178571
178585
178594
178604
178614
178618
178631
178632
178653
178655
178656
178669
178673
178686
178707
178709
178718
178730
178737
178744
178746
178767
178780
178792
178809
178819
178824
178825
178829
178841
178845
178846
178860
178863
178884
178893
178950
178969
178977
178982
178984
178994
179001
179010
179022
179025
179026
179033
179052
179054
179064
179066
179078
179079
179080
179083
179104
179109
179116
179118
179119
179120
179134
179149
179164
179178
179184
179190
179203
179209
179216
179217
179219
179223
179229
179279
179294
179297
179311
179312
179323
179324
179337
179353
179356
179373
179390
179398
179403
179404
179410
179425
179426
179449
179465
179471
179474
179479
179496
179507
179515
179521
179558
179568
179578
179590
179591
179594
179597
179601
179619
179627
179635
179636
179649
179651
179658
179662
179667
179669
179672
179673
179675
179689
179716
179723
179753
179754
179770
179774
179794
179805
179808
179812
179816
179841
179850
179870
179903
179908
179914
179925
179934
179940
179942
179947
179949
179954
179955
179961
179970
179974
179976
179988
179991
180015
180017
180032
180034
180038
180062
180093
180095
180116
180117
180128
180132
180141
180197
180222
180234
180246
180263
180268
180269
180279
180280
180284
180291
180294
180298
180300
180317
180322
180323
180330
180331
180338
180346
180349
180361
180369
180378
180379
180385
180388
180396
180441
180453
180456
180459
180461
180468
180478
180487
180491
180496
180536
180541
180560
180586
180587
180589
180592
180629
180635
180646
180652
180677
180679
180699
180726
180738
180739
180741
180788
180791
180823
180831
180833
180845
180854
180863
180874
180881
180882
180895
180902
180907
180911
180923
180930
180940
180942
180944
180945
180949
180950
180952
180955
180957
180974
180978
181002
181016
181050
181070
181079
181089
181097
181101
181113
181156
181159
181167
181203
181207
181208
181211
181213
181216
181225
181232
181254
181256
181262
181263
181265
181282
181292
181319
181332
181334
181346
181372
181376
181377
181384
181390
181396
181398
181412
181435
181451
181465
181473
181483
181487
181493
181496
181501
181503
181511
181523
181526
181541
181542
181549
181556
181557
181559
181565
181611
181617
181618
181622
181642
181653
181680
181699
181703
181717
181734
181739
181748
181755
181757
181761
181777
181794
181805
181806
181812
181817
181820
181826
181827
181833
181861
181869
181878
181888
181891
181903
181905
181912
181915
181917
181922
181930
181940
181945
181968
182001
182012
182057
182058
182059
182068
182075
182078
182083
182084
182088
182104
182110
182121
182122
182127
182131
182135
182165
182169
182172
182208
182211
182212
182213
182262
182268
182285
182290
182311
182315
182324
182330
182334
182335
182369
182372
182375
182381
182398
182405
182410
182417
182422
182423
182426
182434
182445
182449
182456
182501
182527
182529
182533
182541
182544
182555
182560
182566
182568
182580
182581
182584
182594
182599
182604
182618
182623
182628
182629
182631
182636
182640
182671
182672
182694
182721
182737
182758
182762
182774
182789
182791
182812
182821
182834
182860
182862
182884
182909
182922
182931
182932
182966
182978
182983
182994
183013
183026
183028
183035
183044
183059
183066
183067
183070
183071
183074
183121
183126
183135
183155
183158
183178
183182
183195
183213
183214
183231
183233
183249
183252
183256
183287
183288
183305
183313
183318
183326
183329
183341
183349
183378
183381
183385
183397
183415
183420
183424
183427
183435
183436
183443
183457
183471
183474
183482
183495
183497
183502
183504
183516
183526
183530
183534
183541
183544
183552
183556
183558
183559
183565
183570
183579
183611
183612
183617
183618
183631
183634
183658
183667
183668
183670
183671
183678
183727
183754
183757
183767
183768
183771
183826
183848
183854
183859
183875
183897
183910
183931
183934
183945
183946
183947
183948
183960
183965
183967
183969
183970
183982
183990
183992
183996
184019
184020
184035
184047
184048
184052
184056
184102
184105
184140
184151
184163
184168
184177
184181
184188
184189
184194
184223
184242
184246
184249
184253
184255
184262
184276
184281
184283
184294
184304
184329
184332
184351
184366
184386
184396
184397
184398
184418
184467
184471
184472
184474
184477
184480
184484
184517
184539
184555
184563
184578
184579
184590
184606
184624
184635
184645
184657
184658
184667
184670
184675
184677
184679
184681
184699
184715
184718
184719
184723
184731
184741
184761
184804
184821
184829
184835
184836
184843
184861
184880
184909
184934
184938
184945
184946
184947
184948
184963
184966
184969
184974
184980
184984
184990
184991
185003
185011
185015
185051
185052
185053
185068
185071
185076
185084
185096
185109
185120
185126
185130
185132
185138
185147
185177
185180
185214
185219
185233
185234
185239
185260
185268
185271
185273
185274
185277
185284
185291
185298
185305
185312
185331
185332
185356
185357
185358
185391
185409
185436
185438
185442
185467
185474
185495
185497
185509
185520
185544
185575
185584
185591
185596
185605
185637
185641
185644
185646
185657
185662
185668
185687
185691
185695
185699
185702
185707
185710
185726
185728
185731
185745
185766
185771
185773
185779
185783
185800
185816
185826
185833
185847
185863
185884
185885
185891
185902
185905
185914
185925
185935
185945
185964
185979
185981
185983
185984
185999
186001
186011
186015
186021
186027
186041
186073
186085
186101
186103
186115
186123
186124
186139
186140
186153
186157
186159
186160
186170
186177
186179
186181
186202
186208
186213
186218
186226
186246
186248
186261
186278
186298
186304
186311
186316
186320
186327
186334
186342
186346
186354
186378
186387
186392
186394
186417
186427
186460
186462
186463
186489
186498
186499
186508
186509
186512
186546
186591
186612
186615
186618
186640
186648
186651
186654
186665
186693
186712
186721
186726
186732
186738
186744
186745
186746
186751
186758
186766
186771
186805
186806
186811
186812
186819
186834
186839
186852
186855
186859
186864
186867
186869
186875
186888
186896
186918
186921
186930
186936
186942
186949
186958
186960
186973
186974
186975
186985
186986
187000
187002
187027
187032
187034
187055
187057
187058
187063
187072
187080
187086
187097
187103
187107
187112
187114
187119
187145
187163
187165
187176
187182
187193
187203
187245
187254
187255
187297
187319
187321
187324
187329
187338
187341
187344
187364
187392
187403
187404
187406
187409
187417
187418
187432
187439
187442
187448
187452
187460
187464
187472
187483
187489
187510
187535
187537
187539
187553
187583
187594
187596
187601
187614
187623
187625
187667
187668
187670
187671
187675
187681
187682
187690
187708
187717
187734
187739
187740
187741
187751
187755
187759
187769
187771
187827
187830
187841
187845
187851
187869
187892
187915
187920
187931
187946
187964
188017
188018
188023
188034
188063
188065
188071
188081
188085
188088
188108
188113
188126
188141
188144
188149
188174
188175
188188
188192
188209
188240
188247
188249
188251
188252
188259
188263
188271
188312
188323
188335
188336
188339
188345
188350
188353
188358
188366
188387
188390
188422
188430
188438
188458
188466
188468
188487
188490
188501
188526
188546
188551
188557
188578
188579
188593
188594
188622
188630
188633
188650
188653
188659
188672
188678
188698
188699
188700
188709
188714
188732
188735
188740
188749
188783
188793
188808
188827
188832
188843
188855
188862
188881
188887
188893
188895
188919
188932
188953
188958
188961
188976
189006
189008
189011
189024
189041
189044
189060
189063
189079
189099
189100
189120
189138
189157
189159
189179
189182
189184
189200
189223
189231
189235
189259
189260
189274
189277
189284
189297
189312
189316
189335
189341
189348
189350
189358
189379
189382
189407
189408
189418
189432
189440
189453
189460
189461
189470
189515
189521
189524
189563
189567
189579
189580
189582
189585
189604
189610
189611
189613
189617
189618
189639
189646
189652
189663
189670
189671
189673
189688
189692
189695
189702
189718
189736
189737
189740
189755
189770
189777
189780
189788
189805
189820
189826
189834
189836
189838
189847
189870
189874
189878
189914
189929
189941
189946
189955
189961
189977
189979
189989
190000
190008
190014
190015
190017
190021
190023
190026
190066
190075
190077
190081
190086
190091
190102
190104
190106
190108
190116
190120
190132
190137
190150
190151
190168
190182
190184
190193
190197
190198
190200
190202
190211
190214
190223
190227
190254
190262
190278
190279
190292
190305
190307
190313
190330
190347
190350
190358
190381
190383
190384
190398
190427
190440
190464
190467
190487
190497
190501
190505
190515
190519
190521
190547
190559
190570
190584
190586
190615
190618
190632
190635
190650
190658
190671
190700
190701
190728
190733
190742
190761
190762
190765
190767
190785
190788
190795
190808
190814
190819
190829
190835
190838
190845
190859
190886
190887
190901
190904
190906
190934
190942
190951
190960
190964
190975
190977
190980
190990
191012
191016
191026
191028
191039
191053
191059
191065
191079
191085
191095
191120
191156
191167
191187
191215
191218
191226
191227
191259
191263
191265
191266
191273
191276
191278
191285
191297
191307
191318
191320
191327
191342
191356
191396
191401
191403
191407
191417
191418
191445
191451
191474
191477
191488
191494
191496
191500
191505
191518
191526
191533
191543
191554
191560
191563
191574
191598
191638
191648
191652
191655
191671
191679
191687
191690
191706
191708
191710
191714
191720
191727
191730
191732
191735
191736
191748
191749
191784
191785
191786
191790
191804
191810
191845
191852
191890
191912
191923
191927
191954
191960
191975
191976
191990
191995
191998
191999
192001
192010
192013
192014
192036
192066
192078
192084
192087
192089
192091
192101
192122
192126
192136
192138
192146
192150
192153
192159
192171
192194
192204
192211
192216
192226
192229
192239
192240
192244
192247
192253
192259
192262
192264
192265
192277
192278
192284
192286
192292
192304
192308
192309
192316
192324
192325
192336
192338
192382
192387
192391
192399
192402
192411
192425
192430
192431
192446
192447
192474
192475
192483
192495
192505
192506
192518
192537
192567
192587
192592
192593
192603
192606
192620
192627
192652
192654
192657
192669
192675
192678
192679
192684
192688
192715
192722
192727
192767
192773
192785
192809
192829
192840
192855
192863
192864
192884
192887
192904
192916
192920
192939
192940
192946
192949
192950
192955
192958
192961
192964
192979
192987
192990
192997
193011
193021
193024
193032
193038
193039
193045
193050
193051
193053
193054
193060
193078
193087
193100
193111
193129
193131
193138
193155
193172
193186
193187
193201
193205
193230
193241
193259
193269
193297
193302
193303
193312
193314
193329
193330
193341
193352
193357
193362
193368
193370
193373
193386
193389
193425
193433
193435
193448
193476
193478
193500
193504
193510
193523
193526
193533
193534
193538
193570
193572
193576
193578
193583
193600
193602
193619
193625
193630
193649
193650
193666
193667
193671
193672
193693
193706
193708
193735
193757
193761
193762
193768
193769
193774
193775
193798
193801
193806
193821
193825
193859
193883
193894
193899
193930
193949
193953
193959
193973
193995
193999
194006
194012
194022
194034
194051
194055
194071
194075
194105
194127
194132
194146
194153
194167
194217
194226
194246
194254
194257
194269
194271
194273
194282
194299
194310
194312
194336
194367
194371
194373
194379
194386
194405
194417
194423
194434
194443
194457
194477
194498
194501
194503
194514
194519
194522
194530
194531
194544
194549
194559
194560
194562
194595
194601
194610
194618
194619
194627
194634
194640
194646
194665
194668
194670
194674
194675
194676
194682
194686
194690
194697
194720
194754
194778
194779
194810
194815
194831
194845
194860
194864
194869
194871
194879
194883
194884
194904
194916
194919
194926
194948
194956
194978
195000
195002
195015
195021
195058
195073
195092
195108
195120
195137
195140
195142
195146
195147
195159
195161
195176
195180
195189
195195
195227
195231
195249
195274
195276
195278
195311
195313
195338
195342
195346
195357
195365
195377
195378
195411
195419
195422
195426
195437
195444
195462
195463
195474
195488
195492
195495
195552
195553
195559
195576
195577
195584
195585
195606
195609
195611
195617
195649
195654
195659
195674
195692
195709
195713
195729
195734
195736
195745
195761
195765
195783
195784
195793
195799
195807
195817
195828
195844
195855
195864
195869
195871
195873
195901
195905
195919
195937
195939
195944
195963
195966
195967
196007
196018
196019
196050
196068
196081
196084
196097
196118
196120
196124
196136
196161
196175
196176
196197
196198
196205
196206
196210
196211
196222
196227
196234
196243
196249
196256
196262
196264
196268
196270
196278
196289
196331
196332
196338
196340
196349
196350
196352
196362
196366
196393
196395
196405
196409
196413
196420
196471
196479
196485
196513
196518
196520
196535
196561
196578
196594
196595
196596
196600
196615
196620
196653
196654
196656
196686
196687
196689
196690
196706
196715
196717
196725
196731
196749
196760
196767
196781
196782
196788
196800
196803
196816
196822
196845
196846
196860
196873
196877
196880
196891
196895
196899
196922
196931
196936
196950
196953
196960
196964
196972
196984
197007
197017
197020
197023
197035
197038
197050
197052
197070
197076
197080
197093
197099
197100
197108
197122
197125
197130
197136
197138
197146
197160
197162
197169
197177
197193
197204
197208
197220
197223
197247
197258
197269
197283
197287
197324
197326
197344
197347
197349
197354
197355
197363
197370
197376
197377
197378
197381
197384
197408
197422
197424
197443
197458
197463
197473
197482
197491
197514
197532
197542
197545
197549
197562
197566
197568
197569
197570
197577
197584
197600
197601
197617
197630
197645
197660
197666
197701
197718
197732
197733
197736
197762
197772
197780
197781
197785
197797
197804
197806
197809
197822
197834
197838
197856
197870
197875
197883
197887
197913
197914
197923
197931
197957
197977
197981
197999
198001
198007
198012
198014
198016
198019
198031
198035
198066
198078
198085
198103
198115
198133
198156
198168
198174
198189
198199
198218
198224
198230
198232
198235
198246
198250
198253
198258
198277
198282
198307
198313
198316
198329
198332
198346
198348
198353
198358
198375
198381
198389
198394
198407
198414
198420
198445
198448
198457
198462
198473
198477
198479
198480
198485
198487
198501
198517
198526
198545
198552
198563
198568
198579
198591
198594
198605
198610
198612
198627
198639
198640
198654
198674
198689
198693
198704
198712
198730
198740
198743
198747
198763
198765
198767
198770
198780
198790
198793
198804
198845
198849
198856
198864
198877
198891
198914
198930
198955
198962
198963
198979
198984
198985
198992
198999
199000
199002
199012
199024
199025
199041
199045
199047
199052
199063
199068
199075
199080
199086
199090
199116
199126
199130
199134
199145
199146
199148
199164
199183
199188
199192
199201
199228
199230
199231
199233
199244
199246
199251
199254
199264
199266
199277
199280
199282
199283
199302
199310
199314
199317
199318
199330
199335
199336
199345
199365
199373
199413
199414
199430
199434
199444
199446
199447
199453
199455
199480
199499
199504
199512
199530
199550
199552
199570
199577
199589
199610
199621
199623
199645
199653
199655
199661
199670
199675
199698
199704
199721
199725
199728
199736
199760
199771
199785
199789
199798
199802
199827
199844
199856
199859
199860
199867
199891
199893
199899
199901
199910
199921
199937
199945
199960
199962
199963
199996
